[level_0]
[g_l]
0,4,8,12,16,20,24,28,32,36,40,44,48,52,56,60,64,68,72,76,80,84,88,92,96,100,104,108,112,116,120,124,128,132,136,140,144,148,152,156,160,164,168,172,176,180,184,188,192,196,200,204,208,212,216,220,224,228,232,236,240,244,248,252,256,0,4,8,12,16,20,24,28,32,36,40,44,48,52,56,60,64,68,72,76,80,84,88,92,96,100,104,108,112,116,120,124,128,132,136,140,144,148,152,156,160,164,168,172,176,180,184,188,192,196,200,204,208,212,216,220,224,228,232,236,240,244,248,252,256,0,3,7,10,14,17,21,24,28,31,35,38,42,45,49,52,56,59,63,66,70,73,77,81,85,88,92,96,100,104,108,112,116,119,123,129,131,135,138,144,148,150,154,158,161,165,169,173,177,181,184,188,192,196,200,204,208,211,216,220,223,227,231,234,238,

[level_1]
[g_l]
0,4,8,12,16,20,24,28,32,36,40,44,48,52,56,60,64,68,72,76,80,84,88,92,96,100,104,108,112,116,120,124,128,132,136,140,144,148,152,156,160,164,168,172,176,180,184,188,192,196,200,204,208,212,216,220,224,228,232,236,240,244,248,252,256,0,4,8,12,16,20,24,28,32,36,40,44,48,52,56,60,64,68,72,76,80,84,88,92,96,100,104,108,112,116,120,124,128,132,136,140,144,148,152,156,160,164,168,172,176,180,184,188,192,196,200,204,208,212,216,220,224,228,232,236,240,244,248,252,256,0,3,7,10,14,17,21,24,28,31,35,38,42,45,49,52,56,59,63,66,70,73,78,82,86,89,93,97,100,104,108,112,116,119,124,130,132,136,140,144,148,150,154,158,161,166,170,174,178,181,184,188,192,196,200,205,209,212,217,220,223,227,231,234,243,

[level_2]
[g_l]
0,4,8,12,16,20,24,28,32,36,40,44,48,52,56,60,64,68,72,76,80,84,88,92,96,100,104,108,112,116,120,124,128,132,136,140,144,148,152,156,160,164,168,172,176,180,184,188,192,196,200,204,208,212,216,220,224,228,232,236,240,244,248,252,256,0,4,8,12,16,20,24,28,32,36,40,44,48,52,56,60,64,68,72,76,80,84,88,92,96,100,104,108,112,116,120,124,128,132,136,140,144,148,152,156,160,164,168,172,176,180,184,188,192,196,200,204,208,212,216,220,224,228,232,236,240,244,248,252,256,0,3,7,10,14,17,21,24,28,31,35,38,42,45,49,52,56,59,63,66,70,74,78,82,86,89,93,97,102,106,110,114,118,121,124,130,132,136,140,144,150,151,155,159,162,166,170,174,178,181,184,190,193,197,201,205,209,212,216,220,223,230,235,237,243,

[level_3]
[g_l]
0,4,8,12,16,20,24,28,32,36,40,44,48,52,56,60,64,68,72,76,80,84,88,92,96,100,104,108,112,116,120,124,128,132,136,140,144,148,152,156,160,164,168,172,176,180,184,188,192,196,200,204,208,212,216,220,224,228,232,236,240,244,248,252,256,0,4,8,12,16,20,24,28,32,36,40,44,48,52,56,60,64,68,72,76,80,84,88,92,96,100,104,108,112,116,120,124,128,132,136,140,144,148,152,156,160,164,168,172,176,180,184,188,192,196,200,204,208,212,216,220,224,228,232,236,240,244,248,252,256,0,3,7,10,14,17,21,24,28,31,35,38,42,45,49,52,56,59,63,68,71,74,78,82,86,89,93,98,102,106,110,114,118,121,126,131,134,138,142,146,150,151,155,159,162,166,171,175,179,182,186,190,193,197,201,205,209,213,220,223,226,230,235,237,243,

[level_4]
[g_l]
0,4,8,12,16,20,24,28,32,36,40,44,48,52,56,60,64,68,72,76,80,84,88,92,96,100,104,108,112,116,120,124,128,132,136,140,144,148,152,156,160,164,168,172,176,180,184,188,192,196,200,204,208,212,216,220,224,228,232,236,240,244,248,252,256,0,4,8,12,16,20,24,28,32,36,40,44,48,52,56,60,64,68,72,76,80,84,88,92,96,100,104,108,112,116,120,124,128,132,136,140,144,148,152,156,160,164,168,172,176,180,184,188,192,196,200,204,208,212,216,220,224,228,232,236,240,244,248,252,256,0,3,7,10,14,17,21,24,28,31,35,38,42,45,49,52,58,60,64,68,71,74,78,82,86,90,94,98,102,106,110,114,118,124,126,131,134,138,142,146,152,154,157,160,164,168,171,175,179,182,186,190,196,200,204,206,210,213,220,223,226,230,235,240,246,

[level_5]
[g_l]
0,4,8,12,16,20,24,28,32,36,40,44,48,52,56,60,64,68,72,76,80,84,88,92,96,100,104,108,112,116,120,124,128,132,136,140,144,148,152,156,160,164,168,172,176,180,184,188,192,196,200,204,208,212,216,220,224,228,232,236,240,244,248,252,256,0,4,8,12,16,20,24,28,32,36,40,44,48,52,56,60,64,68,72,76,80,84,88,92,96,100,104,108,112,116,120,124,128,132,136,140,144,148,152,156,160,164,168,172,176,180,184,188,192,196,200,204,208,212,216,220,224,228,232,236,240,244,248,252,256,0,3,7,10,14,17,21,24,28,31,35,38,43,46,50,54,58,60,64,68,71,74,80,84,88,90,94,98,102,106,110,116,120,124,126,131,134,138,142,148,152,154,157,160,164,168,173,178,182,185,189,193,196,200,204,206,210,213,223,226,230,235,238,240,246,

[level_6]
[g_l]
0,4,8,12,16,20,24,28,32,36,40,44,48,52,56,60,64,68,72,76,80,84,88,92,96,100,104,108,112,116,120,124,128,132,136,140,144,148,152,156,160,164,168,172,176,180,184,188,192,196,200,204,208,212,216,220,224,228,232,236,240,244,248,252,256,0,4,8,12,16,20,24,28,32,36,40,44,48,52,56,60,64,68,72,76,80,84,88,92,96,100,104,108,112,116,120,124,128,132,136,140,144,148,152,156,160,164,168,172,176,180,184,188,192,196,200,204,208,212,216,220,224,228,232,236,240,244,248,252,256,0,3,7,10,14,17,21,25,29,32,36,39,43,46,50,54,58,60,65,69,72,76,80,84,88,90,94,98,104,108,112,116,120,124,126,131,134,140,144,148,152,154,157,160,164,170,173,178,182,185,189,193,199,203,207,208,212,216,223,226,230,235,238,240,246,

[level_7]
[g_l]
0,4,8,12,16,20,24,28,32,36,40,44,48,52,56,60,64,68,72,76,80,84,88,92,96,100,104,108,112,116,120,124,128,132,136,140,144,148,152,156,160,164,168,172,176,180,184,188,192,196,200,204,208,212,216,220,224,228,232,236,240,244,248,252,256,0,4,8,12,16,20,24,28,32,36,40,44,48,52,56,60,64,68,72,76,80,84,88,92,96,100,104,108,112,116,120,124,128,132,136,140,144,148,152,156,160,164,168,172,176,180,184,188,192,196,200,204,208,212,216,220,224,228,232,236,240,244,248,252,256,0,4,8,11,15,18,22,25,29,32,36,39,43,47,51,55,59,61,65,69,72,76,80,84,90,92,96,100,104,108,112,116,120,124,128,132,136,140,144,148,152,154,157,163,167,170,173,178,182,185,189,196,199,203,207,208,212,216,223,226,230,235,238,240,246,

[level_8]
[g_l]
0,4,8,12,16,20,24,28,32,36,40,44,48,52,56,60,64,68,72,76,80,84,88,92,96,100,104,108,112,116,120,124,128,132,136,140,144,148,152,156,160,164,168,172,176,180,184,188,192,196,200,204,208,212,216,220,224,228,232,236,240,244,248,252,256,0,4,8,12,16,20,24,28,32,36,40,44,48,52,56,60,64,68,72,76,80,84,88,92,96,100,104,108,112,116,120,124,128,132,136,140,144,148,152,156,160,164,168,172,176,180,184,188,192,196,200,204,208,212,216,220,224,228,232,236,240,244,248,252,256,0,4,8,11,15,18,22,26,30,33,37,40,44,47,51,55,59,61,65,71,74,78,82,86,90,92,96,100,104,108,114,118,122,126,128,132,136,140,144,148,154,157,160,163,167,170,173,178,182,188,192,196,199,203,207,208,212,219,223,226,230,235,238,240,246,

[level_9]
[g_l]
0,4,8,12,16,20,24,28,32,36,40,44,48,52,56,60,64,68,72,76,80,84,88,92,96,100,104,108,112,116,120,124,128,132,136,140,144,148,152,156,160,164,168,172,176,180,184,188,192,196,200,204,208,212,216,220,224,228,232,236,240,244,248,252,256,0,4,8,12,16,20,24,28,32,36,40,44,48,52,56,60,64,68,72,76,80,84,88,92,96,100,104,108,112,116,120,124,128,132,136,140,144,148,152,156,160,164,168,172,176,180,184,188,192,196,200,204,208,212,216,220,224,228,232,236,240,244,248,252,256,0,4,8,11,15,18,22,26,30,33,37,40,44,48,52,56,60,63,67,71,74,78,82,86,90,94,98,102,106,110,114,118,122,126,128,132,138,142,146,150,154,157,160,163,167,170,177,181,185,188,192,196,199,203,207,211,215,219,223,226,230,235,238,244,246,

[level_10]
[g_l]
0,4,8,12,16,20,24,28,32,36,40,44,48,52,56,60,64,68,72,76,80,84,88,92,96,100,104,108,112,116,120,124,128,132,136,140,144,148,152,156,160,164,168,172,176,180,184,188,192,196,200,204,208,212,216,220,224,228,232,236,240,244,248,252,256,0,4,8,12,16,20,24,28,32,36,40,44,48,52,56,60,64,68,72,76,80,84,88,92,96,100,104,108,112,116,120,124,128,132,136,140,144,148,152,156,160,164,168,172,176,180,184,188,192,196,200,204,208,212,216,220,224,228,232,236,240,244,248,252,256,0,4,8,11,15,18,22,26,31,34,38,41,45,48,52,56,60,63,67,73,76,80,84,88,92,94,98,102,106,110,114,120,124,128,130,134,138,142,146,150,154,157,162,166,169,172,177,181,185,188,192,196,202,206,210,211,215,219,223,226,230,238,241,244,246,

[level_11]
[g_l]
0,4,8,12,16,20,24,28,32,36,40,44,48,52,56,60,64,68,72,76,80,84,88,92,96,100,104,108,112,116,120,124,128,132,136,140,144,148,152,156,160,164,168,172,176,180,184,188,192,196,200,204,208,212,216,220,224,228,232,236,240,244,248,252,256,0,4,8,12,16,20,24,28,32,36,40,44,48,52,56,60,64,68,72,76,80,84,88,92,96,100,104,108,112,116,120,124,128,132,136,140,144,148,152,156,160,164,168,172,176,180,184,188,192,196,200,204,208,212,216,220,224,228,232,236,240,244,248,252,256,0,4,8,11,15,19,23,27,31,34,38,41,45,48,54,58,62,65,69,73,76,80,84,88,92,96,100,104,108,112,116,120,124,128,130,134,138,144,148,152,156,159,162,166,169,172,177,181,187,191,195,198,202,206,210,211,215,219,226,230,233,238,241,244,246,

[level_12]
[g_l]
0,4,8,12,16,20,24,28,32,36,40,44,48,52,56,60,64,68,72,76,80,84,88,92,96,100,104,108,112,116,120,124,128,132,136,140,144,148,152,156,160,164,168,172,176,180,184,188,192,196,200,204,208,212,216,220,224,228,232,236,240,244,248,252,256,0,4,8,12,16,20,24,28,32,36,40,44,48,52,56,60,64,68,72,76,80,84,88,92,96,100,104,108,112,116,120,124,128,132,136,140,144,148,152,156,160,164,168,172,176,180,184,188,192,196,200,204,208,212,216,220,224,228,232,236,240,244,248,252,256,0,4,8,11,15,19,23,27,31,34,39,42,46,50,54,58,62,65,69,73,78,82,86,90,94,96,100,104,108,112,116,122,126,130,132,136,140,144,148,152,156,159,162,169,171,175,180,183,187,191,195,198,202,206,213,214,218,222,226,230,233,238,241,248,251,

[level_13]
[g_l]
0,4,8,12,16,20,24,28,32,36,40,44,48,52,56,60,64,68,72,76,80,84,88,92,96,100,104,108,112,116,120,124,128,132,136,140,144,148,152,156,160,164,168,172,176,180,184,188,192,196,200,204,208,212,216,220,224,228,232,236,240,244,248,252,256,0,4,8,12,16,20,24,28,32,36,40,44,48,52,56,60,64,68,72,76,80,84,88,92,96,100,104,108,112,116,120,124,128,132,136,140,144,148,152,156,160,164,168,172,176,180,184,188,192,196,200,204,208,212,216,220,224,228,232,236,240,244,248,252,256,0,4,8,11,15,19,23,28,32,36,39,42,46,50,54,58,64,66,70,74,78,82,86,90,94,96,102,106,110,114,118,122,126,130,132,136,140,146,150,154,158,162,165,169,171,175,180,183,187,193,197,201,205,209,213,214,218,222,226,230,237,241,244,248,251,

[level_14]
[g_l]
0,4,8,12,16,20,24,28,32,36,40,44,48,52,56,60,64,68,72,76,80,84,88,92,96,100,104,108,112,116,120,124,128,132,136,140,144,148,152,156,160,164,168,172,176,180,184,188,192,196,200,204,208,212,216,220,224,228,232,236,240,244,248,252,256,0,4,8,12,16,20,24,28,32,36,40,44,48,52,56,60,64,68,72,76,80,84,88,92,96,100,104,108,112,116,120,124,128,132,136,140,144,148,152,156,160,164,168,172,176,180,184,188,192,196,200,204,208,212,216,220,224,228,232,236,240,244,248,252,256,0,4,8,11,15,20,24,28,32,36,39,42,46,52,56,60,64,66,70,74,78,82,88,92,96,98,102,106,110,114,118,122,128,132,134,138,142,146,150,154,158,162,165,172,173,177,182,186,190,193,197,201,205,209,213,217,221,225,229,233,237,241,244,248,251,

[level_15]
[g_l]
0,4,8,12,16,20,24,28,32,36,40,44,48,52,56,60,64,68,72,76,80,84,88,92,96,100,104,108,112,116,120,124,128,132,136,140,144,148,152,156,160,164,168,172,176,180,184,188,192,196,200,204,208,212,216,220,224,228,232,236,240,244,248,252,256,0,4,8,12,16,20,24,28,32,36,40,44,48,52,56,60,64,68,72,76,80,84,88,92,96,100,104,108,112,116,120,124,128,132,136,140,144,148,152,156,160,164,168,172,176,180,184,188,192,196,200,204,208,212,216,220,224,228,232,236,240,244,248,252,256,0,4,8,11,15,20,24,28,32,36,39,44,48,52,56,60,64,66,70,76,80,84,88,92,96,98,102,106,112,116,120,124,128,132,134,138,142,146,152,156,160,164,168,172,173,177,182,186,190,196,200,204,208,212,216,217,221,225,229,233,237,244,248,252,256,

[level_16]
[g_l]
0,4,8,12,16,20,24,28,32,36,40,44,48,52,56,60,64,68,72,76,80,84,88,92,96,100,104,108,112,116,120,124,128,131,136,140,144,148,152,156,159,163,167,172,176,179,184,188,192,196,200,204,207,211,214,218,222,228,232,236,240,244,248,250,254,0,4,8,12,16,20,24,28,32,36,40,44,48,52,56,60,64,68,72,76,80,84,88,92,96,100,104,108,112,116,120,124,128,131,136,140,144,148,152,156,159,163,167,172,176,179,184,188,192,196,200,204,207,211,214,218,222,228,232,236,240,244,248,250,254,0,4,8,12,16,20,24,28,32,36,40,44,48,52,56,60,64,68,72,76,80,84,88,92,96,100,104,108,112,116,120,124,128,132,136,140,144,148,152,156,160,164,168,172,176,180,184,188,192,196,200,204,208,212,216,220,224,228,232,236,240,244,248,252,256,

[level_17]
[g_l]
0,4,8,12,16,20,24,28,32,36,40,44,48,52,56,60,64,68,72,76,80,84,88,92,96,100,104,107,112,116,120,124,128,131,135,139,143,147,151,155,159,163,167,172,176,179,183,187,191,195,199,204,207,211,214,218,222,226,230,234,238,244,248,250,254,0,4,8,12,16,20,24,28,32,36,40,44,48,52,56,60,64,68,72,76,80,84,88,92,96,100,104,107,112,116,120,124,128,131,135,139,143,147,151,155,159,163,167,172,176,179,183,187,191,195,199,204,207,211,214,218,222,226,230,234,238,244,248,250,254,0,4,8,12,16,20,24,28,32,36,40,44,48,52,56,60,64,68,72,76,80,84,88,92,96,100,104,108,112,116,120,124,128,132,136,140,144,148,152,156,160,164,168,172,176,180,184,188,192,196,200,204,208,212,216,220,224,228,232,236,240,244,248,252,256,

[level_18]
[g_l]
0,4,8,12,16,20,24,28,32,36,40,44,48,52,56,60,64,68,72,76,80,83,88,92,96,100,104,107,111,115,119,123,127,130,135,139,143,147,151,155,159,163,167,171,176,179,183,187,191,195,199,203,206,210,213,218,222,226,230,234,238,242,246,248,254,0,4,8,12,16,20,24,28,32,36,40,44,48,52,56,60,64,68,72,76,80,83,88,92,96,100,104,107,111,115,119,123,127,130,135,139,143,147,151,155,159,163,167,171,176,179,183,187,191,195,199,203,206,210,213,218,222,226,230,234,238,242,246,248,254,0,4,8,12,16,20,24,28,32,36,40,44,48,52,56,60,64,68,72,76,80,84,88,92,96,100,104,108,112,116,120,124,128,132,136,140,144,148,152,156,160,164,168,172,176,180,184,188,192,196,200,204,208,212,216,220,224,228,232,236,240,244,248,252,256,

[level_19]
[g_l]
0,4,8,12,16,20,24,28,32,36,40,44,48,52,56,60,64,68,72,76,80,83,87,91,95,99,103,106,111,115,119,123,127,130,134,139,142,146,150,155,159,163,167,171,176,178,182,186,190,195,199,203,206,210,213,217,221,225,230,234,238,242,246,248,252,0,4,8,12,16,20,24,28,32,36,40,44,48,52,56,60,64,68,72,76,80,83,87,91,95,99,103,106,111,115,119,123,127,130,134,139,142,146,150,155,159,163,167,171,176,178,182,186,190,195,199,203,206,210,213,217,221,225,230,234,238,242,246,248,252,0,4,8,12,16,20,24,28,32,36,40,44,48,52,56,60,64,68,72,76,80,84,88,92,96,100,104,108,112,116,120,124,128,132,136,140,144,148,152,156,160,164,168,172,176,180,184,188,192,196,200,204,208,212,216,220,224,228,232,236,240,244,248,252,256,

[level_20]
[g_l]
0,4,8,12,16,20,24,28,32,36,40,44,48,52,56,60,64,68,72,76,80,83,87,91,95,99,103,106,110,114,118,122,126,129,134,139,142,146,150,155,158,162,166,171,175,178,182,186,190,195,199,202,205,209,212,217,221,225,230,234,238,240,244,247,252,0,4,8,12,16,20,24,28,32,36,40,44,48,52,56,60,64,68,72,76,80,83,87,91,95,99,103,106,110,114,118,122,126,129,134,139,142,146,150,155,158,162,166,171,175,178,182,186,190,195,199,202,205,209,212,217,221,225,230,234,238,240,244,247,252,0,4,8,12,16,20,24,28,32,36,40,44,48,52,56,60,64,68,72,76,80,84,88,92,96,100,104,108,112,116,120,124,128,132,136,140,144,148,152,156,160,164,168,172,176,180,184,188,192,196,200,204,208,212,216,220,224,228,232,236,240,244,248,252,256,

[level_21]
[g_l]
0,4,8,12,16,20,24,28,32,36,40,44,48,52,56,60,64,68,72,75,79,83,87,91,95,99,103,105,110,114,118,122,126,129,133,138,141,146,149,154,158,162,166,171,175,178,181,185,189,194,198,202,205,209,212,217,221,224,229,233,237,240,244,247,252,0,4,8,12,16,20,24,28,32,36,40,44,48,52,56,60,64,68,72,75,79,83,87,91,95,99,103,105,110,114,118,122,126,129,133,138,141,146,149,154,158,162,166,171,175,178,181,185,189,194,198,202,205,209,212,217,221,224,229,233,237,240,244,247,252,0,4,8,12,16,20,24,28,32,36,40,44,48,52,56,60,64,68,72,76,80,84,88,92,96,100,104,108,112,116,120,124,128,132,136,140,144,148,152,156,160,164,168,172,176,180,184,188,192,196,200,204,208,212,216,220,224,228,232,236,240,244,248,252,256,

[level_22]
[g_l]
0,4,8,12,16,20,24,28,32,36,40,44,48,52,56,60,63,68,71,75,79,83,87,91,95,98,102,105,110,114,118,122,126,128,133,138,141,146,149,154,157,161,165,170,174,177,181,185,189,194,198,202,204,208,211,216,220,224,229,233,237,240,244,247,252,0,4,8,12,16,20,24,28,32,36,40,44,48,52,56,60,63,68,71,75,79,83,87,91,95,98,102,105,110,114,118,122,126,128,133,138,141,146,149,154,157,161,165,170,174,177,181,185,189,194,198,202,204,208,211,216,220,224,229,233,237,240,244,247,252,0,4,8,12,16,20,24,28,32,36,40,44,48,52,56,60,64,68,72,76,80,84,88,92,96,100,104,108,112,116,120,124,128,132,136,140,144,148,152,156,160,164,168,172,176,180,184,188,192,196,200,204,208,212,216,220,224,228,232,236,240,244,248,252,256,

[level_23]
[g_l]
0,4,8,12,16,20,24,28,32,36,40,44,48,51,55,59,63,68,71,75,79,83,86,90,94,98,102,105,110,114,118,121,125,128,133,138,141,146,149,153,157,161,165,170,174,177,180,184,188,193,197,201,204,208,211,216,220,224,229,233,237,240,244,247,252,0,4,8,12,16,20,24,28,32,36,40,44,48,51,55,59,63,68,71,75,79,83,86,90,94,98,102,105,110,114,118,121,125,128,133,138,141,146,149,153,157,161,165,170,174,177,180,184,188,193,197,201,204,208,211,216,220,224,229,233,237,240,244,247,252,0,4,8,12,16,20,24,28,32,36,40,44,48,52,56,60,64,68,72,76,80,84,88,92,96,100,104,108,112,116,120,124,128,132,136,140,144,148,152,156,160,164,168,172,176,180,184,188,192,196,200,204,208,212,216,220,224,228,232,236,240,244,248,252,256,

[level_24]
[g_l]
0,4,8,12,16,20,24,28,32,35,39,44,48,51,55,59,63,68,70,74,78,82,86,90,94,98,102,106,109,113,117,121,125,128,133,138,141,145,149,153,157,161,165,170,174,176,180,184,188,193,197,201,204,208,211,216,220,224,229,233,237,240,244,247,252,0,4,8,12,16,20,24,28,32,35,39,44,48,51,55,59,63,68,70,74,78,82,86,90,94,98,102,106,109,113,117,121,125,128,133,138,141,145,149,153,157,161,165,170,174,176,180,184,188,193,197,201,204,208,211,216,220,224,229,233,237,240,244,247,252,0,4,8,12,16,20,24,28,32,36,40,44,48,52,56,60,64,68,72,76,80,84,88,92,96,100,104,108,112,116,120,124,128,132,136,140,144,148,152,156,160,164,168,172,176,180,184,188,192,196,200,204,208,212,216,220,224,228,232,236,240,244,248,252,256,

[level_25]
[g_l]
0,3,7,11,15,19,23,27,32,35,39,44,48,51,55,59,63,68,70,74,78,82,86,90,94,98,102,105,109,113,117,121,125,128,132,137,140,145,149,153,157,161,165,169,173,176,180,184,188,193,197,200,204,208,211,215,219,223,227,231,235,238,242,246,250,0,3,7,11,15,19,23,27,32,35,39,44,48,51,55,59,63,68,70,74,78,82,86,90,94,98,102,105,109,113,117,121,125,128,132,137,140,145,149,153,157,161,165,169,173,176,180,184,188,193,197,200,204,208,211,215,219,223,227,231,235,238,242,246,250,0,4,8,12,16,20,24,28,32,36,40,44,48,52,56,60,64,68,72,76,80,84,88,92,96,100,104,108,112,116,120,124,128,132,136,140,144,148,152,156,160,164,168,172,176,180,184,188,192,196,200,204,208,212,216,220,224,228,232,236,240,244,248,252,256,

[level_26]
[g_l]
0,3,7,11,15,19,23,27,31,34,38,44,48,51,55,59,63,68,69,73,77,81,86,90,94,98,102,105,108,112,116,121,125,128,132,137,140,144,148,153,157,161,165,169,173,175,180,184,188,193,197,200,204,208,211,215,219,223,227,231,235,238,242,246,250,0,3,7,11,15,19,23,27,31,34,38,44,48,51,55,59,63,68,69,73,77,81,86,90,94,98,102,105,108,112,116,121,125,128,132,137,140,144,148,153,157,161,165,169,173,175,180,184,188,193,197,200,204,208,211,215,219,223,227,231,235,238,242,246,250,0,4,8,12,16,20,24,28,32,36,40,44,48,52,56,60,64,68,72,76,80,84,88,92,96,100,104,108,112,116,120,124,128,132,136,140,144,148,152,156,160,164,168,172,176,180,184,188,192,196,200,204,208,212,216,220,224,228,232,236,240,244,248,252,256,

[level_27]
[g_l]
0,3,7,11,15,19,23,27,31,34,38,44,48,50,54,58,63,68,69,73,77,81,85,89,93,98,102,105,108,112,116,120,124,128,132,137,140,144,148,152,157,161,165,169,173,175,179,183,187,192,196,199,204,208,211,215,219,223,227,231,235,238,242,246,250,0,3,7,11,15,19,23,27,31,34,38,44,48,50,54,58,63,68,69,73,77,81,85,89,93,98,102,105,108,112,116,120,124,128,132,137,140,144,148,152,157,161,165,169,173,175,179,183,187,192,196,199,204,208,211,215,219,223,227,231,235,238,242,246,250,0,4,8,12,16,20,24,28,32,36,40,44,48,52,56,60,64,68,72,76,80,84,88,92,96,100,104,108,112,116,120,124,128,132,136,140,144,148,152,156,160,164,168,172,176,180,184,188,192,196,200,204,208,212,216,220,224,228,232,236,240,244,248,252,256,

[level_28]
[g_l]
0,3,7,11,15,19,23,27,31,34,38,44,48,50,54,58,62,68,69,73,77,81,85,89,93,97,101,105,108,112,116,120,124,128,132,137,140,144,148,152,156,160,164,168,172,174,179,183,187,192,196,199,203,207,210,213,218,223,227,231,235,238,242,246,250,0,3,7,11,15,19,23,27,31,34,38,44,48,50,54,58,62,68,69,73,77,81,85,89,93,97,101,105,108,112,116,120,124,128,132,137,140,144,148,152,156,160,164,168,172,174,179,183,187,192,196,199,203,207,210,213,218,223,227,231,235,238,242,246,250,0,4,8,12,16,20,24,28,32,36,40,44,48,52,56,60,64,68,72,76,80,84,88,92,96,100,104,108,112,116,120,124,128,132,136,140,144,148,152,156,160,164,164,172,176,180,184,188,192,196,200,204,208,212,216,220,224,228,232,236,240,244,248,252,256,

[level_29]
[g_l]
0,3,7,11,15,19,23,27,31,34,38,44,48,50,54,58,62,68,69,73,77,81,85,89,93,97,101,104,108,112,116,120,124,128,132,136,139,143,147,151,156,160,164,168,172,174,178,182,186,190,194,199,203,207,210,213,218,221,225,229,233,238,242,246,250,0,3,7,11,15,19,23,27,31,34,38,44,48,50,54,58,62,68,69,73,77,81,85,89,93,97,101,104,108,112,116,120,124,128,132,136,139,143,147,151,156,160,164,168,172,174,178,182,186,190,194,199,203,207,210,213,218,221,225,229,233,238,242,246,250,0,4,8,12,16,20,24,28,32,36,40,44,48,52,56,60,64,68,72,76,80,84,88,92,96,100,104,108,112,116,120,124,128,132,136,140,144,148,152,156,160,164,168,172,176,180,184,188,192,196,200,204,208,212,216,220,224,228,232,236,240,244,248,252,256,

[level_30]
[g_l]
0,3,7,11,15,19,23,27,31,34,38,44,48,50,54,58,62,68,69,73,77,81,85,89,93,97,101,104,108,112,116,120,124,128,132,136,139,143,147,151,155,159,163,167,171,174,178,182,186,190,194,198,202,206,209,213,217,221,225,229,233,237,241,245,249,0,3,7,11,15,19,23,27,31,34,38,44,48,50,54,58,62,68,69,73,77,81,85,89,93,97,101,104,108,112,116,120,124,128,132,136,139,143,147,151,155,159,163,167,171,174,178,182,186,190,194,198,202,206,209,213,217,221,225,229,233,237,241,245,249,0,4,8,12,16,20,24,28,32,36,40,44,48,52,56,60,64,68,72,76,80,84,88,92,96,100,104,108,112,116,120,124,128,132,136,140,144,148,152,156,160,164,168,172,176,180,184,188,192,196,200,204,208,212,216,220,224,228,232,236,240,244,248,252,256,

[level_31]
[g_l]
0,3,7,11,15,19,23,27,31,34,38,42,46,50,54,58,62,66,69,73,77,81,85,89,93,97,101,104,108,112,116,120,124,128,132,136,139,143,147,151,155,159,163,167,171,174,178,182,186,190,194,198,202,206,209,213,217,221,225,229,233,237,241,245,249,0,3,7,11,15,19,23,27,31,34,38,42,46,50,54,58,62,66,69,73,77,81,85,89,93,97,101,104,108,112,116,120,124,128,132,136,139,143,147,151,155,159,163,167,171,174,178,182,186,190,194,198,202,206,209,213,217,221,225,229,233,237,241,245,249,0,4,8,12,16,20,24,28,32,36,40,44,48,52,56,60,64,68,72,76,80,84,88,92,96,100,104,108,112,116,120,124,128,132,136,140,144,148,152,156,160,164,168,172,176,180,184,188,192,196,200,204,208,212,216,220,224,228,232,236,240,244,248,252,256,
